2 0.335666 0.712025 0.058791 0.424051
2 0.145857 0.719409 0.059910 0.409283
2 0.622340 0.669831 0.054311 0.381857
2 0.240761 0.718354 0.059351 0.424051
2 0.525196 0.691983 0.057111 0.413502
2 0.809351 0.651899 0.056551 0.358650
2 0.429451 0.704641 0.062710 0.426160
2 0.051232 0.723629 0.056551 0.400844
2 0.715845 0.656118 0.057671 0.358650
2 0.903415 0.628692 0.061030 0.329114
2 0.984602 0.620253 0.029675 0.312236
0 0.501400 0.225738 0.997200 0.046414
1 0.307951 0.263713 0.484882 0.067511
1 0.769877 0.262658 0.460246 0.073840