2 0.857503 0.547393 0.054311 0.406003
2 0.287514 0.584518 0.055431 0.502370
2 0.097144 0.511058 0.053191 0.377567
2 0.190929 0.524487 0.053751 0.394945
2 0.382419 0.620063 0.063830 0.557662
2 0.761478 0.587678 0.064950 0.489731
2 0.573068 0.635861 0.063270 0.579779
3 0.553191 0.591627 0.051512 0.061611
2 0.667693 0.603476 0.061030 0.515008
2 0.959686 0.515798 0.036954 0.327014
0 0.501960 0.191153 0.996081 0.034755
1 0.160134 0.219589 0.293393 0.047393
1 0.494681 0.223539 0.391377 0.045814
1 0.838186 0.226698 0.323628 0.055292
2 0.475644 0.624803 0.055431 0.563981