2 0.394177 0.514354 0.053751 0.419458
2 0.772676 0.618022 0.066069 0.598086
2 0.019877 0.453748 0.038634 0.317384
2 0.488522 0.545455 0.054311 0.481659
2 0.584267 0.609250 0.066629 0.593301
2 0.202688 0.483254 0.054871 0.363636
2 0.108623 0.466507 0.050392 0.333333
2 0.298992 0.499203 0.051512 0.392344
2 0.677492 0.613238 0.063830 0.598086
2 0.867581 0.612440 0.061030 0.586922
0 0.500280 0.157895 0.999440 0.035088
1 0.207167 0.189793 0.410974 0.044657
1 0.649776 0.190590 0.488802 0.052632
2 0.962206 0.629984 0.053191 0.612440