2 0.211355 0.576733 0.058460 0.562706
2 0.782743 0.570132 0.057898 0.519802
2 0.592187 0.580033 0.057898 0.552805
2 0.972456 0.542904 0.053963 0.465347
2 0.496627 0.594059 0.057898 0.580858
2 0.402192 0.582508 0.056773 0.561056
2 0.688589 0.575083 0.055087 0.536304
2 0.305790 0.575083 0.056211 0.556106
2 0.116358 0.597360 0.064081 0.617162
2 0.876616 0.584983 0.054525 0.549505
2 0.033165 0.602310 0.035975 0.640264
0 0.504216 0.121287 0.982574 0.057756
1 0.216695 0.146040 0.407532 0.047855
1 0.658797 0.146040 0.490163 0.054455