2 0.803812 0.654691 0.052691 0.411178
2 0.248599 0.646707 0.049888 0.447106
2 0.329596 0.649701 0.050448 0.441118
2 0.408352 0.656687 0.046525 0.443114
2 0.724215 0.662675 0.051570 0.435130
2 0.486267 0.660679 0.051009 0.447106
2 0.565583 0.659681 0.054933 0.441118
2 0.645179 0.662675 0.051570 0.443114
2 0.177691 0.629741 0.031390 0.425150
3 0.545123 0.516966 0.049888 0.099800
2 0.879765 0.691617 0.064462 0.365269
0 0.501401 0.251497 0.824552 0.055888
1 0.307175 0.290419 0.409193 0.065868
1 0.701233 0.286427 0.405830 0.069860