2 0.409500 0.609407 0.048904 0.458078
2 0.726813 0.615542 0.049466 0.445808
2 0.247892 0.598160 0.052839 0.460123
2 0.330242 0.602249 0.048904 0.456033
2 0.566892 0.618609 0.054525 0.464213
2 0.486509 0.614519 0.052277 0.460123
2 0.171164 0.582822 0.045531 0.437628
2 0.646431 0.614519 0.051714 0.447853
2 0.810568 0.612474 0.042721 0.435583
3 0.544126 0.468303 0.043845 0.094070
1 0.699269 0.222904 0.405846 0.114519
1 0.302417 0.235174 0.410343 0.069530
0 0.501686 0.187117 0.813378 0.055215
2 0.883080 0.650307 0.075323 0.372188