0 0.509518 0.205651 0.980963 0.040816
1 0.279675 0.231554 0.485442 0.048666
1 0.753639 0.233124 0.483763 0.051805
2 0.122620 0.690738 0.049272 0.401884
2 0.217245 0.690738 0.049272 0.420722
2 0.311590 0.680534 0.050952 0.409733
2 0.406495 0.675039 0.055991 0.423862
2 0.503080 0.674254 0.054311 0.425432
2 0.596305 0.667975 0.047032 0.431711
2 0.692609 0.659341 0.050392 0.433281
2 0.785554 0.655416 0.054871 0.441130
2 0.883539 0.656986 0.047032 0.466248
2 0.974524 0.644427 0.046473 0.456829
3 0.189530 0.621664 0.045353 0.056515