2 0.459406 0.630435 0.065510 0.520000
2 0.903975 0.673043 0.062150 0.535652
2 0.126260 0.550435 0.059910 0.415652
2 0.793113 0.668696 0.061030 0.540870
2 0.573068 0.648696 0.059910 0.539130
2 0.682811 0.659130 0.062150 0.542609
2 0.240202 0.581739 0.055991 0.453913
2 0.349944 0.606087 0.058231 0.488696
2 0.683371 0.078261 0.061030 0.153043
2 0.792553 0.076522 0.055431 0.149565
2 0.906215 0.075652 0.054311 0.147826
2 0.461646 0.052174 0.054311 0.100870
2 0.572508 0.066087 0.052072 0.128696
1 0.253639 0.230435 0.447928 0.057391
1 0.700168 0.230435 0.456327 0.053913