2 0.313270 0.658135 0.054311 0.409506
2 0.503359 0.671846 0.054871 0.385740
2 0.218365 0.675503 0.057111 0.466179
2 0.028835 0.703839 0.056551 0.555759
2 0.603863 0.679159 0.045353 0.374771
2 0.409854 0.655393 0.053751 0.382084
2 0.693449 0.680987 0.055431 0.360146
2 0.124580 0.686472 0.056551 0.506399
2 0.886898 0.706581 0.055991 0.371115
2 0.030795 0.109689 0.048152 0.215722
2 0.124860 0.083181 0.048152 0.162706
2 0.821948 0.702011 0.057111 0.372943
2 0.219765 0.070384 0.048712 0.137112
2 0.315789 0.040219 0.050392 0.076782
1 0.745521 0.244973 0.496641 0.073126
1 0.281915 0.244059 0.508959 0.074954
2 0.972004 0.736746 0.055991 0.332724