0 0.500280 0.204248 0.999440 0.104575
1 0.208847 0.263889 0.409854 0.047386
1 0.553471 0.259804 0.296193 0.049020
1 0.837066 0.260621 0.293393 0.044118
2 0.021837 0.658497 0.041433 0.457516
2 0.104143 0.656046 0.051512 0.465686
2 0.201848 0.640523 0.054311 0.444444
2 0.298152 0.629085 0.048712 0.441176
2 0.395017 0.621732 0.049832 0.433007
2 0.488242 0.597222 0.048152 0.403595
2 0.584267 0.584150 0.050952 0.383987
2 0.688690 0.565359 0.052632 0.362745
2 0.771277 0.557190 0.050952 0.359477
2 0.867861 0.550654 0.054871 0.346405
2 0.962766 0.508987 0.046473 0.266340