0 0.514278 0.212195 0.971445 0.034146
1 0.273516 0.245528 0.486562 0.042276
1 0.746641 0.230894 0.484323 0.058537
2 0.113942 0.646341 0.044233 0.362602
2 0.209406 0.670732 0.047032 0.414634
2 0.305431 0.669919 0.048712 0.429268
2 0.404255 0.665041 0.052632 0.426016
2 0.495801 0.658537 0.054311 0.432520
2 0.591825 0.661789 0.047032 0.445528
2 0.686170 0.647154 0.055431 0.439024
2 0.781915 0.644715 0.048712 0.437398
2 0.877100 0.639024 0.050952 0.445528
2 0.970045 0.632520 0.046473 0.445528
3 0.274916 0.605691 0.045913 0.069919