2 0.895755 0.500000 0.066631 0.512121
2 0.231059 0.509848 0.063407 0.550000
2 0.515314 0.515909 0.064481 0.553030
2 0.420742 0.515152 0.064481 0.554545
2 0.706609 0.516667 0.064481 0.551515
2 0.801182 0.516667 0.065556 0.551515
2 0.135411 0.511364 0.067706 0.556061
2 0.326437 0.513636 0.062869 0.557576
2 0.978506 0.509848 0.041913 0.522727
2 0.612037 0.515909 0.064481 0.550000
2 0.038152 0.505303 0.072004 0.543939
1 0.857335 0.134091 0.270285 0.080303
1 0.176249 0.134848 0.352499 0.072727
1 0.536539 0.135606 0.384202 0.074242