2 0.829930 0.518100 0.044600 0.538462
2 0.020150 0.536199 0.039226 0.559578
1 0.664159 0.142534 0.263299 0.079940
1 0.410532 0.143288 0.260075 0.081448
1 0.155024 0.141780 0.261687 0.078431
2 0.062601 0.520362 0.062869 0.518854
2 0.106663 0.513575 0.057496 0.523379
2 0.159860 0.521116 0.053197 0.541478
2 0.210371 0.514329 0.053197 0.530920
2 0.260881 0.524133 0.055347 0.523379
2 0.311929 0.518100 0.055347 0.532428
2 0.363783 0.521116 0.053735 0.514329
2 0.413487 0.515837 0.053197 0.518854
2 0.463729 0.518854 0.051585 0.512821
2 0.517464 0.510558 0.058033 0.532428
2 0.568512 0.512821 0.060183 0.521870
2 0.617947 0.515083 0.055884 0.526395
2 0.669533 0.513575 0.056959 0.523379
2 0.721386 0.524887 0.047824 0.521870
2 0.769479 0.527903 0.052660 0.527903
2 0.874798 0.518100 0.048361 0.529412
2 0.924772 0.511312 0.059108 0.530920
2 0.973670 0.512821 0.052660 0.536953