2 0.031972 0.616460 0.063944 0.593168
2 0.188608 0.618789 0.065556 0.591615
2 0.268941 0.619565 0.065019 0.590062
2 0.745298 0.607919 0.063407 0.560559
2 0.109618 0.615683 0.066631 0.588509
2 0.506717 0.618012 0.066631 0.590062
2 0.585438 0.612578 0.068243 0.576087
2 0.426652 0.617236 0.066631 0.588509
2 0.667920 0.609472 0.060183 0.563665
2 0.902203 0.553571 0.063407 0.405280
2 0.347663 0.497671 0.060183 0.333851
2 0.826437 0.600932 0.059108 0.546584
2 0.347663 0.618012 0.067706 0.593168
1 0.768404 0.213509 0.324557 0.088509