2 0.922085 0.536474 0.067706 0.595745
2 0.830199 0.528875 0.062332 0.583587
1 0.694788 0.148176 0.307362 0.077508
1 0.390650 0.147416 0.305212 0.072948
2 0.021762 0.531915 0.036002 0.547112
2 0.065019 0.525836 0.058033 0.559271
2 0.119291 0.526596 0.051585 0.560790
2 0.170070 0.523556 0.048898 0.560790
2 0.218968 0.525076 0.053197 0.554711
2 0.270553 0.527356 0.055347 0.580547
2 0.321333 0.525836 0.052660 0.562310
2 0.370500 0.521277 0.052123 0.562310
2 0.420204 0.512918 0.052660 0.575988
2 0.472595 0.512918 0.056421 0.560790
2 0.524718 0.518997 0.058571 0.572948
2 0.573616 0.516717 0.060720 0.571429
2 0.626545 0.523556 0.061257 0.563830
2 0.676518 0.525836 0.061257 0.574468
2 0.725954 0.522796 0.053735 0.565350
2 0.775658 0.517477 0.054272 0.566869