2 0.326437 0.654908 0.065019 0.466258
2 0.804944 0.649540 0.063407 0.470859
2 0.090274 0.655675 0.060183 0.461656
2 0.248791 0.657209 0.062332 0.461656
2 0.408114 0.655675 0.060720 0.464724
2 0.962117 0.651840 0.067168 0.484663
2 0.169264 0.657209 0.064481 0.458589
2 0.884471 0.654141 0.062332 0.483129
2 0.486029 0.652607 0.063944 0.458589
2 0.020688 0.655675 0.041376 0.458589
2 0.645083 0.651840 0.065019 0.463190
2 0.725148 0.654908 0.062869 0.472393
2 0.567706 0.654908 0.059645 0.463190
1 0.550242 0.226994 0.416980 0.082822
1 0.175712 0.229294 0.348200 0.078221