2 0.083557 0.524465 0.060720 0.443425
2 0.321870 0.525229 0.059108 0.432722
2 0.480118 0.548930 0.062869 0.486239
2 0.245030 0.521407 0.056959 0.431193
2 0.163353 0.519113 0.060183 0.432722
2 0.402740 0.548165 0.057496 0.487768
2 0.016658 0.524465 0.032241 0.437309
2 0.717894 0.551223 0.063407 0.469419
2 0.560451 0.548165 0.063407 0.481651
2 0.875873 0.549694 0.061257 0.463303
2 0.797958 0.554281 0.064481 0.460245
2 0.639710 0.546636 0.058571 0.475535
1 0.175175 0.205657 0.329930 0.065749
2 0.947071 0.527523 0.074691 0.373089