2 0.295540 0.595385 0.068780 0.538462
2 0.058302 0.600000 0.063944 0.526154
2 0.455400 0.592308 0.066093 0.547692
2 0.218162 0.596154 0.064481 0.540000
2 0.882859 0.589231 0.067706 0.553846
2 0.376142 0.593846 0.064481 0.544615
2 0.136754 0.597692 0.067168 0.533846
2 0.612843 0.583846 0.067168 0.536923
2 0.536002 0.590769 0.062869 0.541538
2 0.694788 0.590769 0.063407 0.553846
2 0.793391 0.591538 0.054272 0.552308
2 0.984148 0.587692 0.031703 0.553846
2 0.006179 0.597692 0.012359 0.530769
1 0.850081 0.212308 0.285868 0.073846
1 0.158517 0.213846 0.313810 0.080000