2 0.295197 0.603448 0.066919 0.495298
2 0.694280 0.594044 0.064220 0.517241
2 0.934700 0.587774 0.061522 0.529781
2 0.774960 0.591693 0.064760 0.521944
2 0.534808 0.595611 0.064760 0.501567
2 0.613600 0.594828 0.063681 0.509404
2 0.853481 0.589342 0.064220 0.523511
2 0.375607 0.600313 0.062601 0.495298
2 0.135996 0.610502 0.066919 0.500000
2 0.454398 0.598746 0.065839 0.498433
2 0.057474 0.612853 0.060982 0.498433
2 0.216136 0.611285 0.064220 0.501567
1 0.856449 0.175549 0.282785 0.075235
1 0.518349 0.184169 0.406368 0.079937