2 0.952957 0.568800 0.061828 0.596800
2 0.876613 0.567200 0.054301 0.587200
2 0.793548 0.565600 0.063441 0.590400
2 0.158871 0.577600 0.060753 0.595200
2 0.716667 0.565600 0.059140 0.587200
2 0.316398 0.564800 0.065054 0.566400
2 0.080108 0.564000 0.061290 0.587200
2 0.238441 0.573600 0.062903 0.609600
2 0.397043 0.563200 0.060753 0.576000
2 0.634677 0.566400 0.066129 0.585600
2 0.556452 0.566400 0.061290 0.588800
2 0.016129 0.565600 0.032258 0.593600
1 0.422043 0.144000 0.333333 0.076800
2 0.476075 0.567200 0.063978 0.584000
1 0.735484 0.144000 0.332258 0.080000