2 0.667840 0.546296 0.057932 0.574074
2 0.505956 0.547068 0.065512 0.581790
2 0.745263 0.550926 0.063346 0.577160
2 0.825663 0.547840 0.064970 0.574074
2 0.346237 0.544753 0.065512 0.583333
2 0.185977 0.539352 0.065512 0.581790
2 0.428803 0.545525 0.058473 0.584877
2 0.107201 0.543210 0.062805 0.586420
2 0.906876 0.552469 0.061722 0.570988
2 0.975907 0.555556 0.047103 0.577160
2 0.267461 0.542438 0.060639 0.584877
2 0.585544 0.553241 0.065512 0.584877
2 0.030319 0.541667 0.056308 0.583333
1 0.408500 0.148920 0.408771 0.081790
1 0.801570 0.152006 0.392528 0.078704