2 0.581945 0.523155 0.063407 0.542692
2 0.742074 0.523878 0.058033 0.535456
2 0.504836 0.520260 0.056421 0.536903
2 0.659323 0.521708 0.066631 0.539797
2 0.343632 0.519537 0.065019 0.541245
2 0.819989 0.523155 0.064481 0.536903
2 0.028479 0.516643 0.056959 0.552822
2 0.183772 0.518813 0.065556 0.548480
2 0.105588 0.515919 0.062869 0.542692
2 0.900591 0.525326 0.059108 0.538350
2 0.426384 0.526773 0.054272 0.549928
2 0.264374 0.520984 0.062332 0.544139
2 0.989790 0.527496 0.019344 0.536903
1 0.242343 0.141100 0.405159 0.076700
2 0.973401 0.527496 0.052123 0.539797